0 8 8 8 8 8 8 8 8 8 8 8 
8 0 16 27 26 14 5 23 30 21 18 23 
8 16 0 18 14 13 5 29 5 38 9 12 
8 27 18 0 14 22 5 15 32 13 9 20 
8 26 14 14 0 14 5 14 14 14 9 25 
8 14 13 22 14 0 5 19 12 17 8 21 
8 5 5 5 5 5 0 5 5 5 5 7 
8 23 29 15 14 19 5 0 18 20 9 10 
8 30 5 32 14 12 5 18 0 23 9 9 
8 21 38 13 14 17 5 20 23 0 9 25 
8 18 9 9 9 8 5 9 9 9 0 27 
8 23 12 20 25 21 7 10 9 25 27 0 
